the key frame is 3820
plskey
2.890500000000000000e+05
3.225610000000000000e+05
2.098140000000000000e+05
5.344650000000000000e+05
6.586070000000000000e+05
8.932790000000000000e+05
3.923050000000000000e+05
1.147620000000000000e+05
4.315900000000000000e+05
2.008470000000000000e+05
1.879570000000000000e+05
8.897870000000000000e+05
5.886860000000000000e+05
6.166490000000000000e+05
7.564200000000000000e+04
5.347130000000000000e+05
6.202510000000000000e+05
3.059500000000000000e+05
8.465250000000000000e+05
2.510640000000000000e+05
5.926740000000000000e+05
4.294070000000000000e+05
7.084720000000000000e+05
2.126240000000000000e+05
6.368280000000000000e+05
3.281930000000000000e+05
3.484030000000000000e+05
6.389700000000000000e+04
1.761270000000000000e+05
3.812820000000000000e+05
8.456300000000000000e+04
6.517630000000000000e+05
6.587900000000000000e+04
2.856800000000000000e+05
6.365000000000000000e+04
7.239940000000000000e+05
1.106480000000000000e+05
4.640170000000000000e+05
2.084290000000000000e+05
7.464760000000000000e+05
7.428810000000000000e+05
1.682550000000000000e+05
6.264950000000000000e+05
8.344190000000000000e+05
4.195140000000000000e+05
7.498200000000000000e+04
2.627580000000000000e+05
7.826610000000000000e+05
7.574000000000000000e+03
5.542440000000000000e+05
5.552350000000000000e+05
1.437960000000000000e+05
5.051660000000000000e+05
4.767900000000000000e+05
8.354570000000000000e+05
2.889400000000000000e+04
4.309490000000000000e+05
5.461790000000000000e+05
7.211000000000000000e+03
3.712760000000000000e+05
7.880360000000000000e+05
4.996600000000000000e+04
3.235810000000000000e+05
4.296170000000000000e+05
1.986200000000000000e+04
3.738900000000000000e+04
5.402720000000000000e+05
1.326600000000000000e+05
6.139510000000000000e+05
3.155570000000000000e+05
2.828340000000000000e+05
3.162820000000000000e+05
6.931000000000000000e+03
1.775220000000000000e+05
5.453700000000000000e+05
7.455490000000000000e+05
8.506650000000000000e+05
3.039300000000000000e+04
