7.947590000000000000e+05
6.171970000000000000e+05
5.252450000000000000e+05
3.770540000000000000e+05
1.797410000000000000e+05
4.690540000000000000e+05
1.805600000000000000e+04
5.108140000000000000e+05
2.085670000000000000e+05
6.059700000000000000e+04
3.926600000000000000e+05
5.525820000000000000e+05
5.102020000000000000e+05
1.091780000000000000e+05
7.571910000000000000e+05
8.538940000000000000e+05
3.839040000000000000e+05
4.010580000000000000e+05
8.105810000000000000e+05
3.916400000000000000e+04
3.296230000000000000e+05
3.238280000000000000e+05
3.053260000000000000e+05
7.883500000000000000e+04
1.504020000000000000e+05
3.805660000000000000e+05
7.911570000000000000e+05
5.299220000000000000e+05
3.246090000000000000e+05
5.315880000000000000e+05
4.413400000000000000e+05
5.290610000000000000e+05
8.384440000000000000e+05
3.032950000000000000e+05
5.017910000000000000e+05
7.275420000000000000e+05
6.285180000000000000e+05
2.976580000000000000e+05
6.839840000000000000e+05
6.754610000000000000e+05
4.524970000000000000e+05
2.963390000000000000e+05
1.811410000000000000e+05
5.028890000000000000e+05
4.046110000000000000e+05
5.150610000000000000e+05
6.777160000000000000e+05
8.963970000000000000e+05
3.961190000000000000e+05
3.167370000000000000e+05
4.704010000000000000e+05
3.874840000000000000e+05
4.990310000000000000e+05
2.297280000000000000e+05
2.995950000000000000e+05
4.558830000000000000e+05
7.964990000000000000e+05
6.990000000000000000e+04
8.559250000000000000e+05
3.140930000000000000e+05
7.300690000000000000e+05
5.922580000000000000e+05
7.079620000000000000e+05
5.437550000000000000e+05
2.450430000000000000e+05
4.451600000000000000e+05
7.996390000000000000e+05
6.183460000000000000e+05
7.009680000000000000e+05
1.931840000000000000e+05
7.388730000000000000e+05
8.046560000000000000e+05
3.388420000000000000e+05
9.445200000000000000e+04
9.024070000000000000e+05
4.654480000000000000e+05
2.414900000000000000e+05
5.248250000000000000e+05
8.473280000000000000e+05
2.032350000000000000e+05
7.700500000000000000e+04
4.424050000000000000e+05
5.943300000000000000e+04
8.344400000000000000e+05
1.954130000000000000e+05
4.318900000000000000e+04
2.478780000000000000e+05
8.170010000000000000e+05
3.720360000000000000e+05
2.811530000000000000e+05
7.424200000000000000e+05
8.158530000000000000e+05
1.115700000000000000e+05
7.061290000000000000e+05
8.770930000000000000e+05
4.470530000000000000e+05
1.833360000000000000e+05
1.849600000000000000e+04
5.226280000000000000e+05
5.659920000000000000e+05
8.151470000000000000e+05
3.379310000000000000e+05
6.225970000000000000e+05
1.283980000000000000e+05
9.697900000000000000e+04
4.873070000000000000e+05
9.397000000000000000e+03
8.884120000000000000e+05
7.835910000000000000e+05
6.054740000000000000e+05
5.957540000000000000e+05
7.974510000000000000e+05
7.967670000000000000e+05
2.262830000000000000e+05
8.932410000000000000e+05
2.118490000000000000e+05
7.946160000000000000e+05
7.922400000000000000e+05
6.764450000000000000e+05
4.927420000000000000e+05
3.082900000000000000e+04
5.178220000000000000e+05
3.206780000000000000e+05
7.500310000000000000e+05
5.141000000000000000e+04
4.034130000000000000e+05
1.076240000000000000e+05
4.185430000000000000e+05
6.525370000000000000e+05
8.459100000000000000e+04
8.350970000000000000e+05
2.282330000000000000e+05
7.418950000000000000e+05
1.650700000000000000e+04
6.962770000000000000e+05
5.837110000000000000e+05
2.411450000000000000e+05
6.221630000000000000e+05
3.365320000000000000e+05
3.728070000000000000e+05
6.307940000000000000e+05
4.184860000000000000e+05
4.430950000000000000e+05
8.520790000000000000e+05
8.028210000000000000e+05
9.129470000000000000e+05
3.817030000000000000e+05
8.725440000000000000e+05
4.110510000000000000e+05
2.076930000000000000e+05
4.038900000000000000e+04
2.833870000000000000e+05
3.272850000000000000e+05
1.904370000000000000e+05
6.032880000000000000e+05
5.746020000000000000e+05
6.406630000000000000e+05
6.683400000000000000e+04
7.106920000000000000e+05
6.982500000000000000e+04
6.769130000000000000e+05
5.196330000000000000e+05
3.512230000000000000e+05
2.985010000000000000e+05
1.336060000000000000e+05
9.314100000000000000e+04
2.486700000000000000e+04
3.020430000000000000e+05
6.084980000000000000e+05
3.976720000000000000e+05
9.000080000000000000e+05
5.968390000000000000e+05
8.249560000000000000e+05
1.859380000000000000e+05
2.920020000000000000e+05
4.547340000000000000e+05
5.310680000000000000e+05
2.515930000000000000e+05
7.431960000000000000e+05
6.998870000000000000e+05
9.708800000000000000e+04
7.272490000000000000e+05
8.588560000000000000e+05
1.816300000000000000e+04
3.294980000000000000e+05
5.899490000000000000e+05
3.088280000000000000e+05
4.894040000000000000e+05
7.962650000000000000e+05
8.446620000000000000e+05
7.238140000000000000e+05
4.716810000000000000e+05
9.086790000000000000e+05
7.173180000000000000e+05
3.351610000000000000e+05
3.379900000000000000e+04
6.390960000000000000e+05
4.596560000000000000e+05
4.584480000000000000e+05
8.493750000000000000e+05
9.389600000000000000e+04
3.445820000000000000e+05
6.380490000000000000e+05
8.175000000000000000e+03
6.961530000000000000e+05
1.644940000000000000e+05
2.500600000000000000e+05
7.530680000000000000e+05
2.213210000000000000e+05
7.997000000000000000e+04
4.187250000000000000e+05
7.846190000000000000e+05
7.840920000000000000e+05
1.025270000000000000e+05
2.675090000000000000e+05
8.425170000000000000e+05
3.455320000000000000e+05
7.002120000000000000e+05
1.635730000000000000e+05
8.538330000000000000e+05
6.906870000000000000e+05
3.246310000000000000e+05
4.667800000000000000e+04
4.927700000000000000e+05
8.543100000000000000e+04
3.016330000000000000e+05
1.835000000000000000e+04
3.270530000000000000e+05
1.832330000000000000e+05
5.856100000000000000e+05
3.309700000000000000e+04
3.795070000000000000e+05
6.643500000000000000e+05
5.443480000000000000e+05
8.958080000000000000e+05
6.472530000000000000e+05
7.782350000000000000e+05
2.675460000000000000e+05
1.354300000000000000e+05
1.150960000000000000e+05
1.788830000000000000e+05
9.099690000000000000e+05
8.489520000000000000e+05
1.122310000000000000e+05
9.149970000000000000e+05
9.057070000000000000e+05
7.240800000000000000e+04
6.783180000000000000e+05
2.289680000000000000e+05
9.173310000000000000e+05
1.561600000000000000e+04
7.227330000000000000e+05
6.427590000000000000e+05
2.431670000000000000e+05
5.523500000000000000e+05
8.075200000000000000e+05
7.571530000000000000e+05
6.172630000000000000e+05
1.571420000000000000e+05
6.537400000000000000e+05
7.380300000000000000e+04
8.208640000000000000e+05
2.292110000000000000e+05
2.497250000000000000e+05
6.038650000000000000e+05
2.655510000000000000e+05
6.513690000000000000e+05
8.494990000000000000e+05
2.563120000000000000e+05
8.473460000000000000e+05
2.372100000000000000e+05
8.085690000000000000e+05
3.402700000000000000e+05
5.640650000000000000e+05
9.107580000000000000e+05
5.424510000000000000e+05
5.482620000000000000e+05
6.014390000000000000e+05
3.231650000000000000e+05
6.042090000000000000e+05
7.194140000000000000e+05
3.065590000000000000e+05
4.148200000000000000e+04
7.091880000000000000e+05
8.131640000000000000e+05
3.699920000000000000e+05
9.127870000000000000e+05
8.753710000000000000e+05
1.532590000000000000e+05
9.201100000000000000e+05
2.826310000000000000e+05
3.714820000000000000e+05
8.730100000000000000e+04
4.439260000000000000e+05
5.424550000000000000e+05
7.105490000000000000e+05
7.072830000000000000e+05
4.530180000000000000e+05
6.111630000000000000e+05
4.082570000000000000e+05
3.109660000000000000e+05
9.538300000000000000e+04
5.198150000000000000e+05
8.781730000000000000e+05
3.300790000000000000e+05
7.447600000000000000e+04
2.942330000000000000e+05
2.500910000000000000e+05
1.545330000000000000e+05
2.013900000000000000e+05
6.621940000000000000e+05
6.888760000000000000e+05
3.238260000000000000e+05
3.929470000000000000e+05
3.364910000000000000e+05
2.251120000000000000e+05
5.252800000000000000e+05
9.258700000000000000e+04
1.644550000000000000e+05
6.592210000000000000e+05
7.565740000000000000e+05
5.091470000000000000e+05
2.757110000000000000e+05
4.328810000000000000e+05
3.995380000000000000e+05
9.195030000000000000e+05
7.057430000000000000e+05
5.459300000000000000e+04
4.286940000000000000e+05
7.554750000000000000e+05
3.195980000000000000e+05
8.634810000000000000e+05
8.156540000000000000e+05
8.460620000000000000e+05
5.871170000000000000e+05
4.448290000000000000e+05
8.754100000000000000e+04
3.966240000000000000e+05
3.827150000000000000e+05
1.437690000000000000e+05
2.438550000000000000e+05
7.012920000000000000e+05
7.437640000000000000e+05
5.638120000000000000e+05
5.244360000000000000e+05
2.444290000000000000e+05
6.097060000000000000e+05
6.739220000000000000e+05
2.337730000000000000e+05
6.293220000000000000e+05
2.333210000000000000e+05
5.496810000000000000e+05
7.903910000000000000e+05
6.659060000000000000e+05
7.132200000000000000e+05
4.745030000000000000e+05
7.596830000000000000e+05
9.550700000000000000e+04
5.968100000000000000e+05
6.082600000000000000e+04
6.270210000000000000e+05
7.526410000000000000e+05
2.379100000000000000e+05
1.974210000000000000e+05
7.190780000000000000e+05
1.677100000000000000e+05
1.492700000000000000e+04
9.141420000000000000e+05
2.049940000000000000e+05
3.154500000000000000e+05
2.414900000000000000e+04
5.845990000000000000e+05
7.843570000000000000e+05
8.687110000000000000e+05
3.848780000000000000e+05
8.057220000000000000e+05
7.439500000000000000e+04
3.356790000000000000e+05
8.982870000000000000e+05
1.816730000000000000e+05
7.239310000000000000e+05
9.698000000000000000e+04
8.814490000000000000e+05
6.512870000000000000e+05
5.450020000000000000e+05
5.080950000000000000e+05
3.515100000000000000e+05
7.616220000000000000e+05
7.417400000000000000e+05
7.658030000000000000e+05
8.943300000000000000e+05
8.676490000000000000e+05
6.928090000000000000e+05
1.309450000000000000e+05
5.867990000000000000e+05
3.012450000000000000e+05
2.539210000000000000e+05
2.092000000000000000e+05
2.874030000000000000e+05
3.997070000000000000e+05
5.624310000000000000e+05
8.698200000000000000e+04
5.743700000000000000e+04
2.288630000000000000e+05
6.600690000000000000e+05
5.044650000000000000e+05
4.106700000000000000e+04
6.677920000000000000e+05
9.125720000000000000e+05
2.948090000000000000e+05
1.064520000000000000e+05
1.151530000000000000e+05
8.885380000000000000e+05
7.305700000000000000e+05
7.422940000000000000e+05
8.092880000000000000e+05
4.383780000000000000e+05
1.190300000000000000e+04
6.410680000000000000e+05
5.641030000000000000e+05
5.906780000000000000e+05
4.039660000000000000e+05
6.977150000000000000e+05
6.880150000000000000e+05
5.070540000000000000e+05
8.735470000000000000e+05
4.964960000000000000e+05
6.128840000000000000e+05
7.863330000000000000e+05
5.567000000000000000e+03
1.054110000000000000e+05
5.318100000000000000e+04
8.290650000000000000e+05
2.129500000000000000e+04
9.199030000000000000e+05
6.060700000000000000e+04
2.776430000000000000e+05
2.365010000000000000e+05
7.309280000000000000e+05
3.041480000000000000e+05
4.890890000000000000e+05
6.285220000000000000e+05
5.750710000000000000e+05
7.247900000000000000e+05
4.140060000000000000e+05
3.152170000000000000e+05
1.385960000000000000e+05
1.213780000000000000e+05
4.290590000000000000e+05
3.052810000000000000e+05
5.651380000000000000e+05
1.326220000000000000e+05
3.259200000000000000e+05
6.862990000000000000e+05
1.215000000000000000e+05
7.529340000000000000e+05
9.465200000000000000e+04
7.480590000000000000e+05
2.849850000000000000e+05
8.803150000000000000e+05
4.617270000000000000e+05
8.802410000000000000e+05
5.038140000000000000e+05
3.997360000000000000e+05
4.712150000000000000e+05
8.286000000000000000e+05
6.872910000000000000e+05
8.894200000000000000e+04
9.044790000000000000e+05
7.030220000000000000e+05
6.601570000000000000e+05
5.022850000000000000e+05
5.052000000000000000e+04
6.772600000000000000e+04
6.946600000000000000e+05
6.795000000000000000e+04
1.564490000000000000e+05
9.123060000000000000e+05
8.472250000000000000e+05
2.444260000000000000e+05
1.616580000000000000e+05
8.886410000000000000e+05
5.924020000000000000e+05
4.887350000000000000e+05
8.486330000000000000e+05
8.782960000000000000e+05
7.246310000000000000e+05
7.718850000000000000e+05
5.537420000000000000e+05
4.969440000000000000e+05
7.225870000000000000e+05
4.603760000000000000e+05
3.032350000000000000e+05
8.453830000000000000e+05
6.965520000000000000e+05
7.056050000000000000e+05
4.549960000000000000e+05
3.967690000000000000e+05
6.951950000000000000e+05
1.419550000000000000e+05
4.596920000000000000e+05
7.322960000000000000e+05
5.460850000000000000e+05
4.880200000000000000e+05
7.541770000000000000e+05
2.723250000000000000e+05
4.846920000000000000e+05
1.751930000000000000e+05
2.794050000000000000e+05
4.138210000000000000e+05
7.482870000000000000e+05
1.773700000000000000e+05
4.821800000000000000e+04
8.525510000000000000e+05
2.788390000000000000e+05
1.369000000000000000e+04
4.685260000000000000e+05
9.186470000000000000e+05
3.521490000000000000e+05
4.351990000000000000e+05
1.441350000000000000e+05
5.836150000000000000e+05
3.589600000000000000e+05
8.737700000000000000e+04
4.205140000000000000e+05
8.664880000000000000e+05
5.305500000000000000e+05
2.054160000000000000e+05
3.283220000000000000e+05
2.165020000000000000e+05
8.618530000000000000e+05
2.503250000000000000e+05
2.032560000000000000e+05
3.465050000000000000e+05
9.140680000000000000e+05
7.726080000000000000e+05
4.344270000000000000e+05
9.140310000000000000e+05
5.039360000000000000e+05
4.249850000000000000e+05
1.065670000000000000e+05
6.088250000000000000e+05
7.352710000000000000e+05
1.939250000000000000e+05
8.472100000000000000e+05
7.400420000000000000e+05
4.891240000000000000e+05
2.658000000000000000e+03
5.936450000000000000e+05
3.690170000000000000e+05
5.605220000000000000e+05
8.906890000000000000e+05
2.099920000000000000e+05
1.107090000000000000e+05
8.527440000000000000e+05
7.812500000000000000e+04
3.002170000000000000e+05
8.327710000000000000e+05
6.880580000000000000e+05
1.778990000000000000e+05
8.522640000000000000e+05
3.119470000000000000e+05
9.120430000000000000e+05
8.230780000000000000e+05
2.537180000000000000e+05
4.817050000000000000e+05
8.035000000000000000e+05
3.072400000000000000e+05
4.849820000000000000e+05
7.766120000000000000e+05
1.486160000000000000e+05
5.791360000000000000e+05
7.968830000000000000e+05
8.158010000000000000e+05
4.484210000000000000e+05
4.492930000000000000e+05
7.239710000000000000e+05
3.181610000000000000e+05
3.922230000000000000e+05
6.038800000000000000e+05
7.416320000000000000e+05
4.390410000000000000e+05
6.525240000000000000e+05
4.884760000000000000e+05
5.508080000000000000e+05
5.070960000000000000e+05
6.872400000000000000e+04
1.205290000000000000e+05
5.824450000000000000e+05
2.597910000000000000e+05
6.087390000000000000e+05
5.270700000000000000e+05
5.642820000000000000e+05
9.135450000000000000e+05
5.440130000000000000e+05
3.838080000000000000e+05
3.889730000000000000e+05
7.322350000000000000e+05
8.287690000000000000e+05
5.835280000000000000e+05
5.150210000000000000e+05
2.134800000000000000e+04
4.573800000000000000e+05
1.596250000000000000e+05
6.217110000000000000e+05
7.303060000000000000e+05
8.024800000000000000e+05
6.615950000000000000e+05
5.411490000000000000e+05
7.916040000000000000e+05
5.081670000000000000e+05
3.727590000000000000e+05
8.056500000000000000e+05
7.172570000000000000e+05
2.825700000000000000e+05
5.331590000000000000e+05
8.634710000000000000e+05
2.260330000000000000e+05
7.159500000000000000e+04
5.743450000000000000e+05
3.933000000000000000e+04
5.879110000000000000e+05
1.814330000000000000e+05
2.183360000000000000e+05
8.963130000000000000e+05
2.108230000000000000e+05
1.916520000000000000e+05
6.186110000000000000e+05
8.072300000000000000e+04
6.492380000000000000e+05
1.425140000000000000e+05
7.734880000000000000e+05
4.145920000000000000e+05
3.640230000000000000e+05
8.624460000000000000e+05
6.943890000000000000e+05
6.514940000000000000e+05
9.067490000000000000e+05
8.407380000000000000e+05
5.014990000000000000e+05
6.390120000000000000e+05
5.156630000000000000e+05
1.038540000000000000e+05
1.203350000000000000e+05
5.744750000000000000e+05
5.900100000000000000e+04
3.189100000000000000e+05
5.623000000000000000e+05
9.206900000000000000e+04
1.495530000000000000e+05
7.196900000000000000e+05
2.327240000000000000e+05
3.658270000000000000e+05
2.149640000000000000e+05
2.389600000000000000e+05
2.757390000000000000e+05
3.864220000000000000e+05
8.659200000000000000e+04
1.162980000000000000e+05
4.996810000000000000e+05
6.423700000000000000e+05
2.203700000000000000e+04
7.970360000000000000e+05
3.622800000000000000e+05
7.052800000000000000e+04
7.735990000000000000e+05
5.981510000000000000e+05
3.589630000000000000e+05
8.308680000000000000e+05
5.111000000000000000e+03
2.519620000000000000e+05
3.690230000000000000e+05
1.070720000000000000e+05
5.393380000000000000e+05
2.466260000000000000e+05
6.194310000000000000e+05
5.915000000000000000e+03
3.177340000000000000e+05
2.720280000000000000e+05
4.879750000000000000e+05
5.532870000000000000e+05
4.624860000000000000e+05
5.352450000000000000e+05
2.314700000000000000e+04
7.358400000000000000e+05
1.157440000000000000e+05
4.705450000000000000e+05
3.171830000000000000e+05
6.546850000000000000e+05
4.906910000000000000e+05
4.469680000000000000e+05
6.428990000000000000e+05
3.897900000000000000e+05
7.373500000000000000e+04
2.224850000000000000e+05
7.185580000000000000e+05
2.493520000000000000e+05
2.218670000000000000e+05
5.497180000000000000e+05
3.361250000000000000e+05
6.997210000000000000e+05
5.587530000000000000e+05
8.920900000000000000e+04
8.281080000000000000e+05
7.611410000000000000e+05
3.426700000000000000e+05
5.236040000000000000e+05
5.031860000000000000e+05
6.134430000000000000e+05
8.348400000000000000e+04
1.637500000000000000e+04
8.200440000000000000e+05
5.632230000000000000e+05
5.417170000000000000e+05
2.008640000000000000e+05
1.508150000000000000e+05
3.571250000000000000e+05
5.851430000000000000e+05
5.466420000000000000e+05
2.377000000000000000e+05
6.978860000000000000e+05
3.805030000000000000e+05
5.335430000000000000e+05
1.671930000000000000e+05
8.917850000000000000e+05
1.831660000000000000e+05
3.013410000000000000e+05
6.785790000000000000e+05
4.374900000000000000e+04
5.436410000000000000e+05
4.987670000000000000e+05
4.791890000000000000e+05
3.662990000000000000e+05
3.124260000000000000e+05
4.957800000000000000e+04
2.771940000000000000e+05
7.880490000000000000e+05
8.361100000000000000e+05
7.188700000000000000e+05
1.911060000000000000e+05
8.989700000000000000e+05
1.266950000000000000e+05
2.860140000000000000e+05
2.588660000000000000e+05
4.059780000000000000e+05
3.273900000000000000e+05
6.275120000000000000e+05
1.037840000000000000e+05
2.320060000000000000e+05
4.490270000000000000e+05
2.426650000000000000e+05
8.097490000000000000e+05
6.016380000000000000e+05
4.255530000000000000e+05
1.065430000000000000e+05
4.314120000000000000e+05
4.834600000000000000e+05
3.716490000000000000e+05
3.705070000000000000e+05
5.062820000000000000e+05
1.289660000000000000e+05
6.873450000000000000e+05
7.926820000000000000e+05
3.855180000000000000e+05
6.262040000000000000e+05
5.561020000000000000e+05
5.688940000000000000e+05
6.135890000000000000e+05
8.825480000000000000e+05
7.986260000000000000e+05
5.369520000000000000e+05
5.751620000000000000e+05
4.169710000000000000e+05
5.516460000000000000e+05
3.078070000000000000e+05
7.417710000000000000e+05
7.686880000000000000e+05
8.795720000000000000e+05
5.641720000000000000e+05
4.886510000000000000e+05
3.058790000000000000e+05
4.094100000000000000e+04
7.377320000000000000e+05
2.008770000000000000e+05
3.110450000000000000e+05
5.713960000000000000e+05
5.695370000000000000e+05
2.771460000000000000e+05
8.131940000000000000e+05
4.356600000000000000e+04
3.080680000000000000e+05
3.515200000000000000e+04
7.305220000000000000e+05
1.900080000000000000e+05
3.650480000000000000e+05
6.198680000000000000e+05
8.059950000000000000e+05
1.141550000000000000e+05
4.311390000000000000e+05
8.813450000000000000e+05
2.779000000000000000e+05
7.381500000000000000e+04
7.415120000000000000e+05
8.989840000000000000e+05
6.634780000000000000e+05
1.568830000000000000e+05
7.717610000000000000e+05
8.469420000000000000e+05
2.765660000000000000e+05
5.446430000000000000e+05
3.973020000000000000e+05
7.742660000000000000e+05
4.651060000000000000e+05
4.798320000000000000e+05
6.019210000000000000e+05
1.211480000000000000e+05
1.419510000000000000e+05
4.098230000000000000e+05
8.270710000000000000e+05
8.514790000000000000e+05
2.488060000000000000e+05
3.213700000000000000e+04
8.909500000000000000e+05
4.396990000000000000e+05
4.967270000000000000e+05
1.633490000000000000e+05
6.692080000000000000e+05
5.503080000000000000e+05
3.193120000000000000e+05
3.088450000000000000e+05
6.772100000000000000e+05
2.594860000000000000e+05
5.361420000000000000e+05
2.254930000000000000e+05
5.199870000000000000e+05
2.537520000000000000e+05
6.951970000000000000e+05
5.831410000000000000e+05
6.478860000000000000e+05
1.007000000000000000e+03
2.542070000000000000e+05
5.401180000000000000e+05
5.007710000000000000e+05
8.321300000000000000e+04
7.964400000000000000e+05
2.484150000000000000e+05
1.486090000000000000e+05
8.163280000000000000e+05
9.307700000000000000e+04
2.255200000000000000e+04
6.279600000000000000e+04
2.041800000000000000e+04
9.062530000000000000e+05
4.660030000000000000e+05
7.502000000000000000e+04
8.461300000000000000e+05
5.464960000000000000e+05
8.801910000000000000e+05
8.824710000000000000e+05
1.867100000000000000e+04
5.992380000000000000e+05
5.838240000000000000e+05
2.808490000000000000e+05
4.949870000000000000e+05
7.994460000000000000e+05
3.500950000000000000e+05
3.609110000000000000e+05
3.879620000000000000e+05
7.608900000000000000e+05
3.440500000000000000e+05
5.696500000000000000e+04
4.705910000000000000e+05
4.122470000000000000e+05
5.719410000000000000e+05
2.302600000000000000e+04
8.300000000000000000e+05
5.471830000000000000e+05
8.718910000000000000e+05
8.803270000000000000e+05
8.155680000000000000e+05
8.532110000000000000e+05
3.726130000000000000e+05
5.547250000000000000e+05
3.289900000000000000e+05
4.364100000000000000e+04
4.265180000000000000e+05
4.581710000000000000e+05
1.023000000000000000e+05
2.635660000000000000e+05
5.048800000000000000e+04
2.373140000000000000e+05
5.256220000000000000e+05
8.833900000000000000e+04
2.485060000000000000e+05
2.205900000000000000e+04
7.535940000000000000e+05
7.083300000000000000e+04
5.872140000000000000e+05
7.435920000000000000e+05
4.814100000000000000e+04
2.490930000000000000e+05
6.658910000000000000e+05
6.688550000000000000e+05
4.531100000000000000e+04
4.163000000000000000e+04
4.680010000000000000e+05
3.586970000000000000e+05
6.352950000000000000e+05
6.992300000000000000e+04
4.332510000000000000e+05
3.715730000000000000e+05
3.916990000000000000e+05
1.201920000000000000e+05
3.378340000000000000e+05
8.369290000000000000e+05
5.955500000000000000e+04
2.334950000000000000e+05
5.040550000000000000e+05
1.641190000000000000e+05
2.771580000000000000e+05
2.451350000000000000e+05
3.509960000000000000e+05
4.893930000000000000e+05
5.740110000000000000e+05
3.234390000000000000e+05
4.796160000000000000e+05
6.825690000000000000e+05
8.856460000000000000e+05
3.471370000000000000e+05
7.431190000000000000e+05
3.862460000000000000e+05
2.990500000000000000e+04
6.855270000000000000e+05
4.759360000000000000e+05
1.822930000000000000e+05
7.809740000000000000e+05
6.167230000000000000e+05
3.642050000000000000e+05
2.827190000000000000e+05
1.981690000000000000e+05
6.671660000000000000e+05
2.563290000000000000e+05
9.195600000000000000e+04
6.255790000000000000e+05
5.235160000000000000e+05
9.116590000000000000e+05
4.385490000000000000e+05
5.660880000000000000e+05
3.639270000000000000e+05
7.011460000000000000e+05
8.299010000000000000e+05
9.727400000000000000e+04
6.755250000000000000e+05
7.571610000000000000e+05
9.022900000000000000e+04
6.716550000000000000e+05
1.815110000000000000e+05
6.436790000000000000e+05
4.973470000000000000e+05
8.945040000000000000e+05
4.835380000000000000e+05
1.965400000000000000e+05
3.260200000000000000e+04
4.254910000000000000e+05
3.989620000000000000e+05
1.939080000000000000e+05
2.908320000000000000e+05
6.612550000000000000e+05
6.101070000000000000e+05
4.898490000000000000e+05
6.723570000000000000e+05
6.834740000000000000e+05
9.282100000000000000e+04
8.227970000000000000e+05
5.632440000000000000e+05
8.410090000000000000e+05
6.248700000000000000e+04
1.214790000000000000e+05
2.583280000000000000e+05
4.859520000000000000e+05
4.350760000000000000e+05
4.289060000000000000e+05
2.600730000000000000e+05
6.061780000000000000e+05
7.934630000000000000e+05
7.321440000000000000e+05
5.592010000000000000e+05
1.109490000000000000e+05
8.270350000000000000e+05
6.839940000000000000e+05
7.709750000000000000e+05
1.006790000000000000e+05
1.569340000000000000e+05
3.132100000000000000e+05
1.786580000000000000e+05
3.828090000000000000e+05
8.440220000000000000e+05
5.606530000000000000e+05
6.386860000000000000e+05
4.425730000000000000e+05
3.823680000000000000e+05
8.642040000000000000e+05
7.194440000000000000e+05
2.243390000000000000e+05
5.611190000000000000e+05
3.014860000000000000e+05
7.593210000000000000e+05
3.943290000000000000e+05
3.391020000000000000e+05
2.645750000000000000e+05
9.075970000000000000e+05
4.237900000000000000e+05
4.467000000000000000e+04
1.979370000000000000e+05
7.750860000000000000e+05
4.542380000000000000e+05
3.731110000000000000e+05
6.144360000000000000e+05
2.346900000000000000e+04
7.241650000000000000e+05
5.455610000000000000e+05
6.371530000000000000e+05
7.062700000000000000e+05
9.084580000000000000e+05
1.906270000000000000e+05
7.548100000000000000e+04
6.231120000000000000e+05
6.184270000000000000e+05
4.333070000000000000e+05
8.252400000000000000e+05
1.606130000000000000e+05
4.121330000000000000e+05
4.386650000000000000e+05
7.618120000000000000e+05
4.840540000000000000e+05
1.271560000000000000e+05
2.097290000000000000e+05
5.009600000000000000e+05
9.068880000000000000e+05
7.285580000000000000e+05
1.819090000000000000e+05
3.124710000000000000e+05
1.156150000000000000e+05
3.194150000000000000e+05
3.859060000000000000e+05
4.544740000000000000e+05
6.143250000000000000e+05
5.203620000000000000e+05
4.421910000000000000e+05
3.453420000000000000e+05
6.471120000000000000e+05
2.805610000000000000e+05
3.360060000000000000e+05
6.863240000000000000e+05
8.416080000000000000e+05
6.360990000000000000e+05
3.332500000000000000e+05
6.947040000000000000e+05
4.666120000000000000e+05
7.980150000000000000e+05
8.044550000000000000e+05
1.616640000000000000e+05
5.068690000000000000e+05
6.833560000000000000e+05
4.830890000000000000e+05
7.261970000000000000e+05
6.462080000000000000e+05
7.380930000000000000e+05
2.002690000000000000e+05
3.264420000000000000e+05
4.132820000000000000e+05
7.985880000000000000e+05
7.424780000000000000e+05
8.308140000000000000e+05
8.262840000000000000e+05
5.414260000000000000e+05
1.145250000000000000e+05
2.754620000000000000e+05
8.004120000000000000e+05
1.918020000000000000e+05
6.327230000000000000e+05
6.504870000000000000e+05
3.966100000000000000e+05
1.380550000000000000e+05
7.886500000000000000e+04
8.507220000000000000e+05
7.633380000000000000e+05
8.056030000000000000e+05
7.017620000000000000e+05
7.028900000000000000e+04
6.325690000000000000e+05
9.112650000000000000e+05
3.147150000000000000e+05
4.972530000000000000e+05
9.988000000000000000e+04
2.198200000000000000e+04
9.026550000000000000e+05
6.874510000000000000e+05
5.129280000000000000e+05
6.500300000000000000e+04
8.747860000000000000e+05
6.006980000000000000e+05
5.007780000000000000e+05
1.905700000000000000e+04
7.128000000000000000e+03
7.613980000000000000e+05
6.426150000000000000e+05
1.017100000000000000e+05
3.798000000000000000e+05
7.539360000000000000e+05
5.656010000000000000e+05
5.146510000000000000e+05
3.672160000000000000e+05
5.338340000000000000e+05
2.295800000000000000e+05
5.061180000000000000e+05
7.368590000000000000e+05
4.211830000000000000e+05
2.248840000000000000e+05
7.315050000000000000e+05
7.131150000000000000e+05
2.374900000000000000e+05
3.102720000000000000e+05
7.903300000000000000e+04
7.332900000000000000e+04
7.217650000000000000e+05
8.749000000000000000e+05
3.856490000000000000e+05
4.572960000000000000e+05
2.626700000000000000e+04
5.426720000000000000e+05
4.831100000000000000e+04
1.521880000000000000e+05
6.384900000000000000e+05
8.112030000000000000e+05
5.901030000000000000e+05
6.830030000000000000e+05
7.668410000000000000e+05
1.220710000000000000e+05
1.594880000000000000e+05
8.145510000000000000e+05
1.287290000000000000e+05
2.866030000000000000e+05
6.583460000000000000e+05
8.663040000000000000e+05
2.324100000000000000e+04
4.856880000000000000e+05
1.480620000000000000e+05
6.173420000000000000e+05
5.241860000000000000e+05
4.879560000000000000e+05
5.350960000000000000e+05
3.701430000000000000e+05
6.302910000000000000e+05
6.274450000000000000e+05
9.028630000000000000e+05
2.347710000000000000e+05
8.783890000000000000e+05
8.896330000000000000e+05
4.032100000000000000e+05
5.724200000000000000e+04
9.073400000000000000e+05
1.874880000000000000e+05
6.413140000000000000e+05
7.552060000000000000e+05
2.514740000000000000e+05
6.003950000000000000e+05
8.574760000000000000e+05
8.196030000000000000e+05
1.619650000000000000e+05
9.074540000000000000e+05
2.031580000000000000e+05
6.065220000000000000e+05
6.486520000000000000e+05
8.185200000000000000e+04
1.535420000000000000e+05
7.175070000000000000e+05
7.247140000000000000e+05
2.175860000000000000e+05
1.055070000000000000e+05
3.131820000000000000e+05
7.934230000000000000e+05
1.047260000000000000e+05
9.194110000000000000e+05
4.492510000000000000e+05
5.814820000000000000e+05
8.986920000000000000e+05
5.814230000000000000e+05
1.386500000000000000e+04
6.409740000000000000e+05
6.261430000000000000e+05
5.883840000000000000e+05
4.721300000000000000e+05
3.368530000000000000e+05
4.888000000000000000e+05
6.021200000000000000e+04
6.012920000000000000e+05
3.535500000000000000e+04
4.145820000000000000e+05
3.312340000000000000e+05
1.963640000000000000e+05
1.565300000000000000e+04
1.668880000000000000e+05
2.744700000000000000e+05
8.168660000000000000e+05
7.324720000000000000e+05
6.374740000000000000e+05
7.827730000000000000e+05
4.811810000000000000e+05
8.638080000000000000e+05
4.082870000000000000e+05
8.236880000000000000e+05
7.998700000000000000e+05
3.884090000000000000e+05
7.673020000000000000e+05
2.160200000000000000e+04
2.176860000000000000e+05
2.844330000000000000e+05
7.850190000000000000e+05
2.937900000000000000e+05
5.080100000000000000e+04
6.744270000000000000e+05
5.152690000000000000e+05
4.119760000000000000e+05
6.600080000000000000e+05
6.869710000000000000e+05
5.126210000000000000e+05
8.914770000000000000e+05
6.326420000000000000e+05
7.362160000000000000e+05
5.035330000000000000e+05
3.407420000000000000e+05
9.049000000000000000e+05
5.416850000000000000e+05
1.734820000000000000e+05
5.137230000000000000e+05
4.779260000000000000e+05
7.898200000000000000e+04
5.573100000000000000e+04
4.293800000000000000e+05
5.614790000000000000e+05
5.674160000000000000e+05
6.720270000000000000e+05
5.900590000000000000e+05
3.729510000000000000e+05
9.118290000000000000e+05
8.048610000000000000e+05
9.251200000000000000e+04
1.398090000000000000e+05
2.148540000000000000e+05
2.777300000000000000e+04
6.102040000000000000e+05
1.197230000000000000e+05
7.095430000000000000e+05
2.018330000000000000e+05
7.114500000000000000e+04
2.866310000000000000e+05
4.032790000000000000e+05
2.619800000000000000e+04
7.858020000000000000e+05
3.327560000000000000e+05
7.395410000000000000e+05
8.629450000000000000e+05
7.896700000000000000e+05
6.647820000000000000e+05
5.550960000000000000e+05
1.203110000000000000e+05
6.136900000000000000e+04
6.347300000000000000e+04
7.190050000000000000e+05
8.690150000000000000e+05
2.724420000000000000e+05
4.542840000000000000e+05
2.561600000000000000e+04
8.734330000000000000e+05
3.868700000000000000e+04
1.989080000000000000e+05
4.754410000000000000e+05
1.612520000000000000e+05
3.492730000000000000e+05
6.163200000000000000e+05
5.844980000000000000e+05
6.153980000000000000e+05
6.219900000000000000e+04
4.954840000000000000e+05
6.499080000000000000e+05
1.591900000000000000e+04
3.619280000000000000e+05
4.223750000000000000e+05
4.073750000000000000e+05
1.600710000000000000e+05
1.817110000000000000e+05
4.761120000000000000e+05
5.093610000000000000e+05
1.435060000000000000e+05
3.755020000000000000e+05
1.606760000000000000e+05
2.544710000000000000e+05
8.664210000000000000e+05
2.413130000000000000e+05
1.412620000000000000e+05
3.400950000000000000e+05
8.384700000000000000e+05
4.075050000000000000e+05
1.023950000000000000e+05
1.634230000000000000e+05
9.039890000000000000e+05
2.770700000000000000e+05
2.580910000000000000e+05
1.443820000000000000e+05
5.835840000000000000e+05
7.231700000000000000e+04
8.742600000000000000e+04
9.204900000000000000e+04
7.229240000000000000e+05
6.555560000000000000e+05
8.524830000000000000e+05
2.672800000000000000e+05
1.601890000000000000e+05
3.553230000000000000e+05
8.349450000000000000e+05
8.572020000000000000e+05
5.348800000000000000e+05
3.572440000000000000e+05
1.572000000000000000e+03
8.656610000000000000e+05
8.817240000000000000e+05
8.332110000000000000e+05
2.205190000000000000e+05
2.982880000000000000e+05
8.015870000000000000e+05
2.126890000000000000e+05
8.600440000000000000e+05
4.610740000000000000e+05
3.152130000000000000e+05
1.459020000000000000e+05
2.467000000000000000e+04
2.803020000000000000e+05
6.873680000000000000e+05
1.783280000000000000e+05
5.699850000000000000e+05
7.685080000000000000e+05
5.896330000000000000e+05
2.182270000000000000e+05
6.325750000000000000e+05
3.426210000000000000e+05
6.739700000000000000e+05
3.937150000000000000e+05
1.812500000000000000e+05
6.653810000000000000e+05
1.552400000000000000e+05
2.516640000000000000e+05
2.496880000000000000e+05
2.312240000000000000e+05
4.379270000000000000e+05
2.950000000000000000e+03
2.270480000000000000e+05
7.471460000000000000e+05
7.005200000000000000e+04
1.949390000000000000e+05
5.976600000000000000e+05
5.706190000000000000e+05
5.752770000000000000e+05
2.201410000000000000e+05
6.224780000000000000e+05
9.141910000000000000e+05
4.984170000000000000e+05
1.019750000000000000e+05
1.125100000000000000e+05
6.711790000000000000e+05
1.308830000000000000e+05
6.581340000000000000e+05
6.234650000000000000e+05
1.758980000000000000e+05
7.154690000000000000e+05
4.690000000000000000e+04
3.129480000000000000e+05
3.690150000000000000e+05
3.626660000000000000e+05
1.066590000000000000e+05
2.145130000000000000e+05
2.466920000000000000e+05
4.229030000000000000e+05
2.552770000000000000e+05
9.432400000000000000e+04
1.851160000000000000e+05
3.216840000000000000e+05
3.866710000000000000e+05
6.915000000000000000e+04
9.169000000000000000e+03
2.978800000000000000e+05
8.291310000000000000e+05
8.276450000000000000e+05
4.467080000000000000e+05
7.294800000000000000e+05
5.577580000000000000e+05
6.937910000000000000e+05
2.915370000000000000e+05
8.253160000000000000e+05
3.559520000000000000e+05
7.922360000000000000e+05
6.887470000000000000e+05
7.152470000000000000e+05
3.910430000000000000e+05
5.532070000000000000e+05
7.718600000000000000e+04
1.888450000000000000e+05
5.431000000000000000e+05
3.063460000000000000e+05
6.557500000000000000e+05
3.634280000000000000e+05
4.529530000000000000e+05
3.711420000000000000e+05
4.225190000000000000e+05
4.452710000000000000e+05
7.425180000000000000e+05
5.531510000000000000e+05
1.914380000000000000e+05
6.518740000000000000e+05
5.812220000000000000e+05
5.879850000000000000e+05
8.691080000000000000e+05
7.041270000000000000e+05
5.225520000000000000e+05
7.399100000000000000e+05
8.119630000000000000e+05
2.647130000000000000e+05
4.583740000000000000e+05
2.243530000000000000e+05
3.731410000000000000e+05
8.474200000000000000e+04
7.709720000000000000e+05
1.186000000000000000e+04
6.685490000000000000e+05
5.426160000000000000e+05
5.112370000000000000e+05
9.863700000000000000e+04
1.871140000000000000e+05
6.519300000000000000e+05
4.171910000000000000e+05
8.675410000000000000e+05
8.837390000000000000e+05
3.412190000000000000e+05
2.799230000000000000e+05
3.565210000000000000e+05
2.530370000000000000e+05
6.558750000000000000e+05
6.050880000000000000e+05
1.935560000000000000e+05
1.892260000000000000e+05
3.673500000000000000e+05
3.739140000000000000e+05
6.809370000000000000e+05
3.727420000000000000e+05
8.045250000000000000e+05
5.767320000000000000e+05
5.282230000000000000e+05
8.483210000000000000e+05
7.566340000000000000e+05
6.047910000000000000e+05
3.969370000000000000e+05
5.086760000000000000e+05
8.331860000000000000e+05
5.341680000000000000e+05
8.645110000000000000e+05
4.192360000000000000e+05
5.123140000000000000e+05
6.352370000000000000e+05
7.109100000000000000e+05
3.635250000000000000e+05
3.399260000000000000e+05
4.235710000000000000e+05
2.664460000000000000e+05
3.240180000000000000e+05
1.910700000000000000e+04
2.400770000000000000e+05
8.855400000000000000e+05
1.754460000000000000e+05
7.300190000000000000e+05
8.362950000000000000e+05
7.370950000000000000e+05
3.158870000000000000e+05
5.773490000000000000e+05
1.833790000000000000e+05
5.894200000000000000e+05
9.098160000000000000e+05
3.967760000000000000e+05
3.790890000000000000e+05
7.809600000000000000e+04
3.016250000000000000e+05
4.394310000000000000e+05
1.762500000000000000e+04
2.285590000000000000e+05
6.722000000000000000e+05
6.669310000000000000e+05
5.650730000000000000e+05
4.796240000000000000e+05
1.254180000000000000e+05
7.004230000000000000e+05
5.075840000000000000e+05
4.012020000000000000e+05
3.116960000000000000e+05
3.006160000000000000e+05
4.693270000000000000e+05
7.459160000000000000e+05
3.417550000000000000e+05
3.073990000000000000e+05
6.962600000000000000e+05
8.135350000000000000e+05
2.712440000000000000e+05
1.660100000000000000e+05
5.189120000000000000e+05
9.058740000000000000e+05
3.652480000000000000e+05
4.548250000000000000e+05
8.147890000000000000e+05
8.262460000000000000e+05
8.219930000000000000e+05
5.884410000000000000e+05
5.493970000000000000e+05
5.630690000000000000e+05
6.955710000000000000e+05
4.214260000000000000e+05
2.353320000000000000e+05
2.685350000000000000e+05
2.230950000000000000e+05
6.516410000000000000e+05
9.130190000000000000e+05
1.714600000000000000e+04
4.030610000000000000e+05
7.469820000000000000e+05
7.258860000000000000e+05
6.941240000000000000e+05
7.880290000000000000e+05
8.340390000000000000e+05
5.579300000000000000e+04
3.092760000000000000e+05
8.662170000000000000e+05
8.026530000000000000e+05
5.511010000000000000e+05
7.162610000000000000e+05
2.008220000000000000e+05
8.457120000000000000e+05
3.112560000000000000e+05
2.466360000000000000e+05
6.487410000000000000e+05
3.961110000000000000e+05
4.386940000000000000e+05
4.055220000000000000e+05
7.134400000000000000e+04
3.529270000000000000e+05
8.103890000000000000e+05
7.665870000000000000e+05
8.579110000000000000e+05
5.164730000000000000e+05
3.333330000000000000e+05
1.052600000000000000e+05
5.707330000000000000e+05
1.073500000000000000e+04
4.072520000000000000e+05
4.132430000000000000e+05
7.662360000000000000e+05
7.310640000000000000e+05
8.177650000000000000e+05
5.145990000000000000e+05
1.495600000000000000e+05
4.373200000000000000e+05
3.405480000000000000e+05
8.019550000000000000e+05
7.677260000000000000e+05
7.360090000000000000e+05
3.492110000000000000e+05
5.673350000000000000e+05
3.658050000000000000e+05
5.451260000000000000e+05
2.531450000000000000e+05
7.972060000000000000e+05
7.158670000000000000e+05
1.954500000000000000e+04
9.437200000000000000e+04
7.790630000000000000e+05
6.870590000000000000e+05
4.326990000000000000e+05
2.929430000000000000e+05
3.170110000000000000e+05
8.791500000000000000e+05
1.755590000000000000e+05
2.754420000000000000e+05
6.052250000000000000e+05
4.107260000000000000e+05
2.037430000000000000e+05
5.217940000000000000e+05
2.446800000000000000e+04
8.399050000000000000e+05
7.135260000000000000e+05
4.402630000000000000e+05
6.347980000000000000e+05
1.104970000000000000e+05
4.822130000000000000e+05
5.167430000000000000e+05
1.102940000000000000e+05
5.729100000000000000e+05
8.786230000000000000e+05
7.532520000000000000e+05
6.035100000000000000e+04
9.095650000000000000e+05
1.553800000000000000e+05
3.694300000000000000e+04
8.827930000000000000e+05
6.919780000000000000e+05
7.830060000000000000e+05
3.879770000000000000e+05
6.383990000000000000e+05
2.542600000000000000e+04
3.760900000000000000e+05
5.678210000000000000e+05
5.007610000000000000e+05
2.513230000000000000e+05
8.364960000000000000e+05
1.075780000000000000e+05
8.306830000000000000e+05
9.470000000000000000e+04
1.847000000000000000e+04
1.512840000000000000e+05
7.716700000000000000e+04
9.979700000000000000e+04
1.133390000000000000e+05
6.277830000000000000e+05
8.837010000000000000e+05
3.907730000000000000e+05
4.008080000000000000e+05
9.094840000000000000e+05
1.205870000000000000e+05
3.597580000000000000e+05
2.251300000000000000e+05
8.151080000000000000e+05
6.804020000000000000e+05
2.484130000000000000e+05
1.375710000000000000e+05
5.253640000000000000e+05
6.861890000000000000e+05
6.289490000000000000e+05
2.838340000000000000e+05
7.838790000000000000e+05
1.687450000000000000e+05
7.626910000000000000e+05
7.621560000000000000e+05
4.656330000000000000e+05
4.097240000000000000e+05
8.846700000000000000e+05
6.569470000000000000e+05
6.007030000000000000e+05
3.678430000000000000e+05
8.416950000000000000e+05
4.620600000000000000e+04
3.852760000000000000e+05
8.705000000000000000e+03
4.479600000000000000e+05
6.343400000000000000e+05
8.437820000000000000e+05
8.677200000000000000e+05
1.383370000000000000e+05
4.240510000000000000e+05
3.143820000000000000e+05
1.161040000000000000e+05
9.086900000000000000e+05
6.050800000000000000e+05
3.029200000000000000e+05
5.128150000000000000e+05
5.931240000000000000e+05
2.812780000000000000e+05
3.836070000000000000e+05
3.216560000000000000e+05
7.978300000000000000e+05
5.264240000000000000e+05
7.692210000000000000e+05
1.033390000000000000e+05
2.228320000000000000e+05
5.504120000000000000e+05
1.209750000000000000e+05
8.497400000000000000e+04
6.827990000000000000e+05
4.570520000000000000e+05
1.736060000000000000e+05
6.514780000000000000e+05
5.831480000000000000e+05
9.673200000000000000e+04
2.617570000000000000e+05
3.513890000000000000e+05
5.775910000000000000e+05
3.332330000000000000e+05
8.468170000000000000e+05
7.991860000000000000e+05
1.405270000000000000e+05
5.597680000000000000e+05
8.743560000000000000e+05
7.933130000000000000e+05
2.958280000000000000e+05
8.180600000000000000e+04
7.484130000000000000e+05
3.969020000000000000e+05
4.810840000000000000e+05
5.468250000000000000e+05
3.214490000000000000e+05
2.667660000000000000e+05
8.693500000000000000e+04
2.270150000000000000e+05
1.394830000000000000e+05
5.595800000000000000e+04
8.155750000000000000e+05
2.654230000000000000e+05
1.327330000000000000e+05
2.627030000000000000e+05
9.574400000000000000e+04
2.882000000000000000e+05
4.420320000000000000e+05
7.519760000000000000e+05
4.015810000000000000e+05
8.557360000000000000e+05
5.927200000000000000e+04
4.899080000000000000e+05
2.788780000000000000e+05
6.617060000000000000e+05
8.198300000000000000e+05
7.964880000000000000e+05
8.363040000000000000e+05
5.810700000000000000e+04
1.973600000000000000e+05
7.015960000000000000e+05
2.520180000000000000e+05
4.862800000000000000e+05
5.121980000000000000e+05
6.917490000000000000e+05
4.890660000000000000e+05
7.562750000000000000e+05
7.545700000000000000e+04
6.561790000000000000e+05
5.143470000000000000e+05
6.521590000000000000e+05
5.045820000000000000e+05
7.858270000000000000e+05
6.130050000000000000e+05
3.896510000000000000e+05
5.094760000000000000e+05
5.812200000000000000e+05
7.655010000000000000e+05
7.422140000000000000e+05
3.219880000000000000e+05
2.193420000000000000e+05
7.674260000000000000e+05
1.836070000000000000e+05
5.738000000000000000e+05
6.055440000000000000e+05
9.083000000000000000e+05
9.124230000000000000e+05
3.267070000000000000e+05
3.916700000000000000e+04
7.352390000000000000e+05
7.953800000000000000e+04
1.742700000000000000e+04
4.704370000000000000e+05
8.508320000000000000e+05
8.952000000000000000e+04
3.158470000000000000e+05
2.667960000000000000e+05
2.082980000000000000e+05
5.281570000000000000e+05
8.290330000000000000e+05
6.707090000000000000e+05
8.401550000000000000e+05
2.721730000000000000e+05
2.682930000000000000e+05
4.337440000000000000e+05
6.185160000000000000e+05
7.698610000000000000e+05
1.108960000000000000e+05
7.020980000000000000e+05
6.093650000000000000e+05
8.441050000000000000e+05
7.973150000000000000e+05
7.229310000000000000e+05
2.321150000000000000e+05
1.292980000000000000e+05
7.473380000000000000e+05
7.352820000000000000e+05
6.769470000000000000e+05
3.449360000000000000e+05
6.644770000000000000e+05
3.171210000000000000e+05
7.149170000000000000e+05
1.388040000000000000e+05
7.790200000000000000e+05
9.079720000000000000e+05
2.494540000000000000e+05
1.484460000000000000e+05
1.547800000000000000e+05
2.610700000000000000e+05
2.881960000000000000e+05
8.283400000000000000e+05
4.903260000000000000e+05
1.826630000000000000e+05
4.078840000000000000e+05
8.849360000000000000e+05
3.580790000000000000e+05
9.024010000000000000e+05
5.448600000000000000e+04
8.322930000000000000e+05
8.507760000000000000e+05
6.195440000000000000e+05
1.798750000000000000e+05
3.580400000000000000e+04
2.080580000000000000e+05
4.407590000000000000e+05
3.681560000000000000e+05
6.326010000000000000e+05
1.005270000000000000e+05
5.945210000000000000e+05
9.152850000000000000e+05
1.672860000000000000e+05
7.758970000000000000e+05
5.622240000000000000e+05
4.064590000000000000e+05
2.864730000000000000e+05
4.336540000000000000e+05
5.822770000000000000e+05
9.123970000000000000e+05
7.347140000000000000e+05
1.315450000000000000e+05
9.655300000000000000e+04
3.763630000000000000e+05
6.943110000000000000e+05
5.807840000000000000e+05
2.680470000000000000e+05
2.131440000000000000e+05
3.175810000000000000e+05
1.711100000000000000e+04
3.316950000000000000e+05
1.441860000000000000e+05
1.195310000000000000e+05
8.655180000000000000e+05
1.823630000000000000e+05
3.530370000000000000e+05
3.173840000000000000e+05
8.394150000000000000e+05
8.330640000000000000e+05
5.949380000000000000e+05
1.197590000000000000e+05
3.081970000000000000e+05
8.117670000000000000e+05
3.530310000000000000e+05
1.262500000000000000e+04
5.593370000000000000e+05
7.685670000000000000e+05
5.665730000000000000e+05
7.946290000000000000e+05
3.919130000000000000e+05
5.647960000000000000e+05
4.286630000000000000e+05
8.364810000000000000e+05
6.309630000000000000e+05
8.301500000000000000e+05
1.595820000000000000e+05
1.975360000000000000e+05
4.075060000000000000e+05
5.322000000000000000e+03
6.819170000000000000e+05
3.925650000000000000e+05
2.511490000000000000e+05
8.281400000000000000e+04
6.466480000000000000e+05
2.789850000000000000e+05
6.085100000000000000e+05
8.752200000000000000e+05
8.901230000000000000e+05
1.751450000000000000e+05
1.118220000000000000e+05
4.348520000000000000e+05
1.003150000000000000e+05
7.791900000000000000e+04
5.127760000000000000e+05
2.925980000000000000e+05
4.226730000000000000e+05
7.725760000000000000e+05
7.190790000000000000e+05
4.465140000000000000e+05
2.726980000000000000e+05
5.346150000000000000e+05
6.850270000000000000e+05
9.163140000000000000e+05
6.449670000000000000e+05
7.126900000000000000e+04
6.857970000000000000e+05
5.847980000000000000e+05
2.029210000000000000e+05
2.127360000000000000e+05
8.681700000000000000e+04
8.006250000000000000e+05
3.391530000000000000e+05
4.276090000000000000e+05
5.218600000000000000e+04
4.303840000000000000e+05
9.043940000000000000e+05
4.754890000000000000e+05
1.956980000000000000e+05
4.516430000000000000e+05
3.563900000000000000e+05
4.835270000000000000e+05
2.381320000000000000e+05
1.925640000000000000e+05
1.160070000000000000e+05
8.192100000000000000e+04
5.049790000000000000e+05
4.507060000000000000e+05
2.952570000000000000e+05
1.834500000000000000e+05
2.527900000000000000e+04
8.597970000000000000e+05
8.875060000000000000e+05
2.326020000000000000e+05
3.375490000000000000e+05
3.115150000000000000e+05
1.341500000000000000e+05
7.773560000000000000e+05
8.765010000000000000e+05
7.048930000000000000e+05
7.518290000000000000e+05
5.226170000000000000e+05
6.777790000000000000e+05
3.687090000000000000e+05
8.564900000000000000e+04
5.343470000000000000e+05
4.337800000000000000e+05
7.412220000000000000e+05
1.293190000000000000e+05
2.410390000000000000e+05
7.810670000000000000e+05
9.132080000000000000e+05
1.063200000000000000e+05
8.853600000000000000e+05
7.973990000000000000e+05
1.596310000000000000e+05
6.340530000000000000e+05
3.773650000000000000e+05
9.140670000000000000e+05
2.619020000000000000e+05
7.460220000000000000e+05
8.342230000000000000e+05
6.067250000000000000e+05
2.283690000000000000e+05
4.547170000000000000e+05
4.145410000000000000e+05
6.525920000000000000e+05
7.885450000000000000e+05
1.409710000000000000e+05
3.224220000000000000e+05
4.772700000000000000e+05
4.671400000000000000e+05
2.397200000000000000e+05
1.345340000000000000e+05
1.073600000000000000e+05
1.106970000000000000e+05
3.052570000000000000e+05
2.653680000000000000e+05
8.526210000000000000e+05
8.106470000000000000e+05
1.625420000000000000e+05
7.674080000000000000e+05
5.705360000000000000e+05
7.349730000000000000e+05
3.583690000000000000e+05
1.188460000000000000e+05
8.855250000000000000e+05
2.203730000000000000e+05
2.021840000000000000e+05
3.399600000000000000e+05
1.484000000000000000e+04
1.608000000000000000e+04
4.711580000000000000e+05
6.735660000000000000e+05
1.929810000000000000e+05
3.315000000000000000e+04
6.922800000000000000e+04
4.061870000000000000e+05
8.961850000000000000e+05
7.395780000000000000e+05
6.744220000000000000e+05
1.869840000000000000e+05
6.053670000000000000e+05
8.599090000000000000e+05
4.310950000000000000e+05
1.861450000000000000e+05
5.784310000000000000e+05
7.943300000000000000e+04
8.306610000000000000e+05
9.148920000000000000e+05
2.540420000000000000e+05
3.977430000000000000e+05
5.527400000000000000e+05
6.112160000000000000e+05
8.663530000000000000e+05
8.505220000000000000e+05
7.148710000000000000e+05
7.942580000000000000e+05
2.760910000000000000e+05
2.256500000000000000e+05
3.005650000000000000e+05
8.603660000000000000e+05
4.812810000000000000e+05
8.631770000000000000e+05
5.431150000000000000e+05
3.831090000000000000e+05
5.116760000000000000e+05
8.044880000000000000e+05
6.836270000000000000e+05
1.498410000000000000e+05
9.171700000000000000e+05
8.944220000000000000e+05
4.931660000000000000e+05
6.066550000000000000e+05
9.320300000000000000e+04
5.886270000000000000e+05
5.573930000000000000e+05
1.480880000000000000e+05
8.927680000000000000e+05
6.273780000000000000e+05
6.770490000000000000e+05
6.206150000000000000e+05
7.217150000000000000e+05
2.442910000000000000e+05
5.006460000000000000e+05
7.462830000000000000e+05
1.896230000000000000e+05
5.090460000000000000e+05
6.433200000000000000e+05
5.475400000000000000e+04
6.878770000000000000e+05
4.032780000000000000e+05
3.596350000000000000e+05
2.974500000000000000e+05
6.222050000000000000e+05
7.791170000000000000e+05
4.017140000000000000e+05
9.968400000000000000e+04
5.881710000000000000e+05
6.435300000000000000e+05
2.676230000000000000e+05
6.510170000000000000e+05
7.717710000000000000e+05
8.731220000000000000e+05
3.395900000000000000e+05
7.971770000000000000e+05
2.698120000000000000e+05
9.181420000000000000e+05
1.763640000000000000e+05
4.448900000000000000e+05
4.084830000000000000e+05
6.068560000000000000e+05
7.802210000000000000e+05
5.751540000000000000e+05
7.907380000000000000e+05
8.445140000000000000e+05
5.768110000000000000e+05
2.568110000000000000e+05
9.018190000000000000e+05
7.598520000000000000e+05
1.079560000000000000e+05
3.862210000000000000e+05
5.823380000000000000e+05
3.278490000000000000e+05
4.762500000000000000e+05
6.155640000000000000e+05
3.736300000000000000e+05
7.820140000000000000e+05
3.120200000000000000e+05
6.198470000000000000e+05
2.986810000000000000e+05
4.439190000000000000e+05
5.671300000000000000e+05
1.759780000000000000e+05
8.299760000000000000e+05
6.269390000000000000e+05
6.088900000000000000e+05
2.816570000000000000e+05
4.885770000000000000e+05
2.931400000000000000e+04
7.845180000000000000e+05
7.188840000000000000e+05
1.426450000000000000e+05
8.132840000000000000e+05
3.552850000000000000e+05
4.068500000000000000e+05
7.438190000000000000e+05
2.254960000000000000e+05
2.528590000000000000e+05
3.257910000000000000e+05
1.889900000000000000e+05
4.873660000000000000e+05
9.004240000000000000e+05
3.826230000000000000e+05
4.088380000000000000e+05
9.033210000000000000e+05
2.973040000000000000e+05
8.374360000000000000e+05
